According to: Y = A + Bx + Cx^2 + ... +

Polynomial degree:  4 
"A:  5052.00161118167 +/-  24.352823241066 
"B:  1.02019474950021 +/-  1.99118911530707 
"C:  4.85155122805314E-02 +/-  5.03077080436194E-02 
"D: -5.67150955633082E-04 +/-  4.92365675206366E-04 
"E:  1.63650943579022E-06 +/-  1.63401934022625E-06 

Variance:  7.77442660592137E-03 
Standard Deviations:  8.81727089632692E-02 
Applicable limits on abscissa are between: 15  and 135 
